0170      00000001    0002          160226                                                          
0270      00000001501 0002          160226                                                          
607001    00000001501100020001160226000000041200160226                     000000385526             
607028    00000001501100020001160226000000038700160226                     000000657229             
607001    00000001501100020001160226000000005800160226                     000000495691             
607028    00000001501100020001160226000000026100160226                     000000429171             
607001    00000001501100020001160226000000163500160226                     000000326712             
607001    00000001501100020001160226000000130400160226                     000000488883             
607001    00000001501100020001140226000000043700140226                     000000591685             
607001    00000001501100020001160226000000020000160226                     000000355938             
607028    00000001501100020001160226000000959400160226                     000030004816             
607001    00000001501100020001160226000000020600160226                     000000428889             
607001    00000001501100020001160226000000185800160226                     000000365445             
607001    00000001501100020001160226000000009800160226                     000000351067             
8070      00000001501 000012        000001645000                                                    
9070      00000001    000016        000001645000                                                    
