0 1702261113
1260217000000000072000111301004693248000000072000040000
1260217000000000023900111301003725207000000023900040000
1260217000000000018700111301005364435000000018700040000
1260217000000000009300111301004941548000000009300040000
1260217000000000007900111301301289831000000007900040000
1260217000000000008600111301004319703000000008600010000
1260217000000000017900111301003645454000000017900040000
1260217000000000004700111301006958961000000004700040000
1260217000000000043800111301006991327000000043800040000
1260217000000000100300111301004725073000000100300010000
1260217000000000036200111301005521992000000036200010000
1260217000000000055500111301003499225000000055500010000
1260217000000000034500111301005460365000000034500010000
1260217000000000052400111301004048062000000052400040000
1260217000000000009600111301006249981000000009600010000
1260217000000000008000111301300019122000000008000010000
1260217000000000068000111301005878236000000068000010000
1260217000000000011800111301003157450000000011800040000
1260217000000000041000111301007414949000000041000040000
1260217000000000097500111301004648515000000097500010000
1260217000000000016200111301006685713000000016200040000
1260217000000000045400111301006978928000000045400040000
1260217000000000190100111301007077852000000190100040000
1260217000000000041200111301006912547000000041200010000
1260217000000000063800111301002829653000000063800040000
1260217000000000008200111301004601027000000008200040000
1260217000000000011600111301005848817000000011600040000
1260217000000000028900111301005216650000000028900040000
1260217000000000108800111301004079216000000108800010000
1260217000000000018200111301003464138000000018200040000
1260217000000000039800111301006470215000000039800010000
1260217000000000010100111301006714166000000010100010000
1260217000000000039200111301005494406000000039200010000
1260217000000000008200111301301319190000000008200010000
1260217000000000091300111301300034659000000091300040000
1260217000000000143700111301301148359000000143700040000
1260217000000000331300111301005374384000000331300040000
1260217000000000058500111301007064389000000058500010000
1260217000000000032200111301002860344000000032200040000
1260217000000000027100111301006328165000000027100040000
1260217000000000007800111301003666054000000007800010000
1260217000000000048600111301003350709000000048600040000
1260217000000000054100111301002799906000000054100040000
1260217000000000011200111301007113319000000011200040000
1260217000000000048600111301005332606000000048600040000
1260217000000000068800111301300313897000000068800010000
1260217000000000027500111301003829017000000027500040000
1260217000000000009900111301005907712000000009900040000
1260217000000000037300111301004035838000000037300040000
1260217000000000006500111301003343027000000006500010000
1260217000000000043300111301005029343000000043300010000
1260217000000000016700111301003032059000000016700010000
1260217000000000071200111301003786241000000071200010000
1260217000000000023700111301003609195000000023700010000
1260217000000000049200111301006699466000000049200040000
1260217000000000043800111301003166493000000043800010000
1260217000000000019100111301007024755000000019100010000
1260217000000000022600111301004387163000000022600040000
1260217000000000007900111301005681424000000007900040000
1260217000000000012300111301003845294000000012300040000
1260217000000000016500111301005396247000000016500010000
1260217000000000029200111301006402895000000029200040000
1260217000000000032600111301005222104000000032600010000
1260217000000000027300111301300432663000000027300040000
1260217000000000045300111301005786009000000045300040000
1260217000000000026500111301004524138000000026500010000
1260217000000000086900111301005974589000000086900040000
1260217000000000078400111301004125696000000078400040000
1260217000000000044600111301007266695000000044600040000
1260217000000000017000111301007399843000000017000040000
1260217000000000218200111301004202099000000218200010000
1260217000000000029200111301003776648000000029200010000
1260217000000000058400111301003483450000000058400040000
1260217000000000028600111301005718853000000028600040000
1260217000000000011200111301301415634000000011200040000
1260217000000000039100111301004086203000000039100040000
1260217000000000578200111301006091805000000578200010000
1260217000000000020900111301003938081000000020900040000
1260217000000000059700111301002898898000000059700040000
1260217000000000021200111301004869954000000021200040000
1260217000000000129000111301004823811000000129000040000
1260217000000000095200111301002996403000000095200040000
9 0000000820000000000004358700
