0170      00000001    1019          160226                                                          
0270      00000001501 1019          160226                                                          
607001    00000001501110190001160226000000066600160226                     01006113344000000066600             
607001    00000001501110190001160226000000013600160226                     01002783629000000013600             
607001    00000001501110190001160226000000020000160226                     01006913420000000020000             
607001    00000001501110190001160226000000033900160226                     01300563244000000033900             
607001    00000001501110190001160226000000050300160226                     01007233992000000050300             
607001    00000001501110190001160226000000067600160226                     01006973341000000067600             
607001    00000001501110190001160226000000025500160226                     01005678123000000025500             
607001    00000001501110190001160226000000049900160226                     01003050861000000049900             
607001    00000001501110190001160226000000109700160226                     01004911939000000109700             
607001    00000001501110190001160226000000056000160226                     01300821386000000056000             
607001    00000001501110190001160226000000063300160226                     01300262516000000063300             
607001    00000001501110190001160226000000021700160226                     01004556874000000021700             
607001    00000001501110190001160226000000082200160226                     01006126379000000082200             
607001    00000001501110190001160226000000079200160226                     01004971479000000079200             
607001    00000001501110190001160226000000049900160226                     01004076881000000049900             
607001    00000001501110190001160226000000016400160226                     01002905784000000016400             
607001    00000001501110190001160226000000021200160226                     01005486121000000021200             
607001    00000001501110190001160226000000077100160226                     01006047997000000077100             
607001    00000001501110190001160226000000010300160226                     01004599841000000010300             
607001    00000001501110190001160226000000084700160226                     01004606083000000084700             
607001    00000001501110190001160226000000030000160226                     01007375058000000030000             
607001    00000001501110190001160226000000087400160226                     01300336211000000087400             
607001    00000001501110190001160226000000016300160226                     01003824810000000016300             
607001    00000001501110190001160226000000049900160226                     01300720976000000049900             
607001    00000001501110190001160226000000048000160226                     01005359567000000048000             
607001    00000001501110190001160226000000056800160226                     01003778214000000056800             
607001    00000001501110190001160226000000048200160226                     01002950145000000048200             
607001    00000001501110190001160226000000006900160226                     01005368709000000006900             
607001    00000001501110190001160226000000016000160226                     01300136249000000016000             
607001    00000001501110190001160226000000013900160226                     01005000443000000013900             
607001    00000001501110190001160226000000098300160226                     01007367238000000098300             
607001    00000001501110190001160226000000359400160226                     01005071303000000359400             
607001    00000001501110190001160226000000037500160226                     01004800918000000037500             
607001    00000001501110190001160226000000137400160226                     01007341506000000137400             
607001    00000001501110190001160226000000041200160226                     01006537336000000041200             
607001    00000001501110190001160226000000126700160226                     01006194385000000126700             
607001    00000001501110190001160226000000025300160226                     01004368981000000025300             
607001    00000001501110190001160226000000044100160226                     01002924090000000044100             
607001    00000001501110190001160226000000022700160226                     01004071106000000022700             
607001    00000001501110190001160226000000086600160226                     01004728655000000086600             
607001    00000001501110190001160226000000087000160226                     01005031471000000087000             
607001    00000001501110190001160226000000011600160226                     01005524632000000011600             
607001    00000001501110190001160226000000036400160226                     01004083333000000036400             
607001    00000001501110190001160226000000036500160226                     01005915988000000036500             
607001    00000001501110190001160226000000026100160226                     01005025309000000026100             
607001    00000001501110190001160226000000032100160226                     01300284601000000032100             
607001    00000001501110190001160226000000020900160226                     01005175021000000020900             
607001    00000001501110190001160226000000016300160226                     01006363014000000016300             
607001    00000001501110190001160226000000010000160226                     01003476256000000010000             
607001    00000001501110190001160226000000035800160226                     01006490411000000035800             
607001    00000001501110190001160226000000032200160226                     01301112082000000032200             
607001    00000001501110190001160226000000009800160226                     01006034748000000009800             
607001    00000001501110190001160226000000020200160226                     01003003001000000020200             
607001    00000001501110190001160226000000023000160226                     01003148376000000023000             
607001    00000001501110190001160226000000010200160226                     01003652344000000010200             
607001    00000001501110190001160226000000028300160226                     01004405841000000028300             
607001    00000001501110190001160226000000020400160226                     01004126934000000020400             
607001    00000001501110190001160226000000030900160226                     01003748241000000030900             
607001    00000001501110190001160226000000114600160226                     01004032603000000114600             
607001    00000001501110190001160226000000035600160226                     01005540307000000035600             
607001    00000001501110190001160226000000044300160226                     01002786804000000044300             
607001    00000001501110190001160226000000035400160226                     01003741196000000035400             
607001    00000001501110190001160226000000042700160226                     01004891917000000042700             
607001    00000001501110190001160226000000071300160226                     01006371685000000071300             
607001    00000001501110190001160226000000056800160226                     01005076112000000056800             
607001    00000001501110190001160226000000069000160226                     01006434617000000069000             
607001    00000001501110190001160226000000027700160226                     01005705769000000027700             
607001    00000001501110190001160226000000013700160226                     01005562681000000013700             
607001    00000001501110190001160226000000013800160226                     01300610656000000013800             
607001    00000001501110190001160226000000116900160226                     01006110688000000116900             
607001    00000001501110190001160226000000020200160226                     01004381257000000020200             
607001    00000001501110190001160226000000016300160226                     01007339880000000016300             
607001    00000001501110190001160226000000037700160226                     01300549540000000037700             
607001    00000001501110190001160226000000080200160226                     01003237237000000080200             
607001    00000001501110190001160226000000050500160226                     01004094272000000050500             
607001    00000001501110190001160226000000050400160226                     01007029192000000050400             
607001    00000001501110190001160226000000048300160226                     01003404688000000048300             
607001    00000001501110190001160226000000040900160226                     01006742365000000040900             
607001    00000001501110190001160226000000023800160226                     01300456217000000023800             
607001    00000001501110190001160226000000034900160226                     01005681242000000034900             
607001    00000001501110190001160226000000080700160226                     01002769081000000080700             
607001    00000001501110190001160226000000161800160226                     01003683000000000161800             
607001    00000001501110190001160226000000023000160226                     01003961257000000023000             
607001    00000001501110190001160226000000050400160226                     01005451844000000050400             
607001    00000001501110190001160226000000038700160226                     01005285192000000038700             
607001    00000001501110190001160226000000064100160226                     01006697619000000064100             
607001    00000001501110190001160226000000076800160226                     01003401064000000076800             
607001    00000001501110190001160226000000037300160226                     01003291077000000037300             
607001    00000001501110190001160226000000038700160226                     01004539755000000038700             
607001    00000001501110190001160226000000026100160226                     01006580542000000026100             
607001    00000001501110190001160226000000025500160226                     01004236287000000025500             
607001    00000001501110190001160226000000026100160226                     01003351616000000026100             
607001    00000001501110190001160226000000018200160226                     01004338752000000018200             
607001    00000001501110190001160226000000026400160226                     01003331923000000026400             
607001    00000001501110190001160226000000042700160226                     01006060057000000042700             
607001    00000001501110190001160226000000041200160226                     01006768527000000041200             
607001    00000001501110190001160226000000031800160226                     01004740999000000031800             
607001    00000001501110190001160226000000075300160226                     01007275365000000075300             
607001    00000001501110190001160226000000016000160226                     01007072499000000016000             
607001    00000001501110190001160226000000011800160226                     01004440483000000011800             
607001    00000001501110190001160226000000015900160226                     01003009743000000015900             
607001    00000001501110190001160226000000013800160226                     01006409023000000013800             
607001    00000001501110190001160226000000033100160226                     01005465992000000033100             
607001    00000001501110190001160226000000045300160226                     01007196934000000045300             
607001    00000001501110190001160226000000022700160226                     01007238033000000022700             
607001    00000001501110190001160226000000094500160226                     01007195704000000094500             
607001    00000001501110190001160226000000066200160226                     01300256989000000066200             
607001    00000001501110190001160226000000020900160226                     01300042645000000020900             
607001    00000001501110190001160226000000026400160226                     01004580452000000026400             
607001    00000001501110190001160226000000034400160226                     01004644886000000034400             
607001    00000001501110190001160226000000059900160226                     01003359684000000059900             
607001    00000001501110190001160226000000018800160226                     01007063845000000018800             
607001    00000001501110190001160226000000020200160226                     01005919816000000020200             
607001    00000001501110190001160226000000140700160226                     01005535042000000140700             
607001    00000001501110190001160226000000051100160226                     01005986294000000051100             
607001    00000001501110190001160226000000022600160226                     01003241858000000022600             
607001    00000001501110190001160226000000092500160226                     01300852118000000092500             
607001    00000001501110190001160226000000021200160226                     01007072481000000021200             
607001    00000001501110190001160226000000008000160226                     01006385314000000008000             
607001    00000001501110190001160226000000048600160226                     01005171814000000048600             
607001    00000001501110190001160226000000013600160226                     01004580015000000013600             
607001    00000001501110190001160226000000025200160226                     01004439337000000025200             
607001    00000001501110190001160226000000011400160226                     01006454755000000011400             
607001    00000001501110190001160226000000118500160226                     01003200045000000118500             
607001    00000001501110190001160226000000015900160226                     01004192357000000015900             
607001    00000001501110190001160226000000008000160226                     01004561650000000008000             
607001    00000001501110190001160226000000041200160226                     01004443297000000041200             
607001    00000001501110190001160226000000176200160226                     01006293419000000176200             
607001    00000001501110190001160226000000179400160226                     01300502184000000179400             
607001    00000001501110190001160226000000016900160226                     01300516598000000016900             
607001    00000001501110190001160226000000011600160226                     01003125549000000011600             
607001    00000001501110190001160226000000083000160226                     01003053600000000083000             
607001    00000001501110190001160226000000110000160226                     01300783719000000110000             
607001    00000001501110190001160226000000026100160226                     01004687513000000026100             
607001    00000001501110190001160226000000054000160226                     01006204697000000054000             
607001    00000001501110190001160226000000042100160226                     01006782205000000042100             
607001    00000001501110190001160226000000037800160226                     01004598140000000037800             
607001    00000001501110190001160226000000004000160226                     01005811179000000004000             
607001    00000001501110190001160226000000009700160226                     01005587662000000009700             
607001    00000001501110190001160226000000018100160226                     01003906161000000018100             
607001    00000001501110190001160226000000047500160226                     01007092604000000047500             
607001    00000001501110190001160226000000098600160226                     01300241817000000098600             
607001    00000001501110190001160226000000050400160226                     01004231783000000050400             
607001    00000001501110190001160226000000032100160226                     01003556214000000032100             
607001    00000001501110190001160226000000022500160226                     01004568051000000022500             
607001    00000001501110190001160226000000025500160226                     01007061823000000025500             
607001    00000001501110190001160226000000013800160226                     01006161624000000013800             
607001    00000001501110190001160226000000029300160226                     01003333366000000029300             
607001    00000001501110190001160226000000009700160226                     01005712682000000009700             
607001    00000001501110190001160226000000015800160226                     01300352309000000015800             
607001    00000001501110190001160226000000016000160226                     01005268149000000016000             
607001    00000001501110190001160226000000020400160226                     01300332384000000020400             
607001    00000001501110190001160226000000053300160226                     01006139596000000053300             
607001    00000001501110190001160226000000047700160226                     01003511607000000047700             
607001    00000001501110190001160226000000079100160226                     01004015426000000079100             
607001    00000001501110190001160226000000018200160226                     01006678155000000018200             
607001    00000001501110190001160226000000037300160226                     01006604383000000037300             
607001    00000001501110190001160226000000054000160226                     01006514962000000054000             
607001    00000001501110190001160226000000020100160226                     01003746609000000020100             
607001    00000001501110190001160226000000041200160226                     01003047099000000041200             
607001    00000001501110190001160226000000032200160226                     01005508247000000032200             
607001    00000001501110190001160226000000151700160226                     01301256996000000151700             
607001    00000001501110190001160226000000056700160226                     01005553037000000056700             
607001    00000001501110190001160226000000074300160226                     01002884120000000074300             
607001    00000001501110190001160226000000073700160226                     01004627311000000073700             
607001    00000001501110190001160226000000075400160226                     01007177728000000075400             
607001    00000001501110190001160226000000060400160226                     01002944239000000060400             
607001    00000001501110190001160226000000015000160226                     01007342017000000015000             
607001    00000001501110190001160226000000072900160226                     01004693651000000072900             
607001    00000001501110190001160226000000036200160226                     01300517984000000036200             
607001    00000001501110190001160226000000015300160226                     01300558772000000015300             
607001    00000001501110190001160226000000034900160226                     01300535861000000034900             
607001    00000001501110190001160226000000032600160226                     01006229124000000032600             
607001    00000001501110190001160226000000056500160226                     01003712478000000056500             
607001    00000001501110190001160226000000047500160226                     01002896843000000047500             
607001    00000001501110190001160226000000135300160226                     01004016887000000135300             
607001    00000001501110190001160226000000007900160226                     01005000674000000007900             
607001    00000001501110190001160226000000015900160226                     01005127675000000015900             
607001    00000001501110190001160226000000011800160226                     01004531679000000011800             
607001    00000001501110190001160226000000037900160226                     01002728665000000037900             
607001    00000001501110190001160226000000018100160226                     01006060156000000018100             
607001    00000001501110190001160226000000010200160226                     01003021789000000010200             
607001    00000001501110190001160226000000025500160226                     01004347076000000025500             
607001    00000001501110190001160226000000087600160226                     01006246276000000087600             
607001    00000001501110190001160226000000028100160226                     01005387766000000028100             
607001    00000001501110190001160226000000040400160226                     01003137015000000040400             
607001    00000001501110190001160226000000022900160226                     01004826988000000022900             
8070      00000001501 000187        000008665900                                                    
9070      00000001    000190        000008665900                                                    
