0170      00000001    0502          170226                                                          
0270      00000001501 0502          170226                                                          
607001    00000001501105020001160226000000004400160226                     000000670504             
607001    00000001501105020001160226000000004400160226                     000000286161             
607001    00000001501105020001160226000000004400160226                     000000492935             
607001    00000001501105020001160226000000005400160226                     000000322135             
607001    00000001501105020001160226000000025500160226                     000000339580             
607001    00000001501105020001160226000000059200160226                     000000491190             
607001    00000001501105020001160226000000029520160226                     000000372762             
607001    00000001501105020001160226000000035600160226                     000000424261             
607001    00000001501105020001160226000000020900160226                     000000550495             
607001    00000001501105020001160226000000029900160226                     000000505229             
607001    00000001501105020001160226000000035900160226                     000000443202             
607001    00000001501105020001160226000000060000160226                     000000625671             
607001    00000001501105020001160226000000030000160226                     000000686659             
607001    00000001501105020001160226000000029900160226                     000000682248             
607001    00000001501105020001160226000000014400160226                     000030133278             
607001    00000001501105020001160226000000008400160226                     000000441576             
607001    00000001501105020001160226000000013100160226                     000000594408             
607001    00000001501105020001160226000000031600160226                     000000619943             
607001    00000001501105020001160226000000019300160226                     000030014314             
607001    00000001501105020001160226000000036800160226                     000000536524             
607001    00000001501105020001160226000000036100160226                     000000701724             
607001    00000001501105020001160226000000030000160226                     000000703150             
607001    00000001501105020001160226000000009800160226                     000000370333             
607001    00000001501105020001160226000000059800160226                     000000513426             
607001    00000001501105020001160226000000003900160226                     000000422074             
607001    00000001501105020001160226000000008500160226                     000000404748             
607001    00000001501105020001160226000000027900160226                     000000314324             
607001    00000001501105020001160226000000020800160226                     000000735036             
607001    00000001501105020001160226000000066700160226                     000000608766             
607001    00000001501105020001160226000000007700160226                     000000503060             
607001    00000001501105020001160226000000008500160226                     000000394425             
607001    00000001501105020001160226000000115900160226                     000000408185             
607001    00000001501105020001160226000000087200160226                     000000312032             
607001    00000001501105020001160226000000010100160226                     000030050233             
607001    00000001501105020001160226000000045800160226                     000000702850             
607001    00000001501105020001160226000000031600160226                     000000426339             
607001    00000001501105020001160226000000007600160226                     000030027808             
607001    00000001501105020001160226000000024300160226                     000000463103             
607001    00000001501105020001160226000000011700160226                     000000545787             
607001    00000001501105020001160226000000067900160226                     000000401738             
607001    00000001501105020001160226000000055900160226                     000000416976             
607001    00000001501105020001160226000000023000160226                     000030029013             
607001    00000001501105020001160226000000072700160226                     000000592159             
607001    00000001501105020001160226000000024500160226                     000000429403             
607001    00000001501105020001160226000000071700160226                     000000476867             
607001    00000001501105020001160226000000063200160226                     000000372762             
607001    00000001501105020001160226000000027000160226                     000030078407             
607001    00000001501105020001160226000000022200160226                     000000284556             
607001    00000001501105020001160226000000025000160226                     000030048978             
607001    00000001501105020001160226000000015500160226                     000000300367             
607001    00000001501105020001160226000000055000160226                     000000402425             
607001    00000001501105020001160226000000020500160226                     000000716218             
607001    00000001501105020001160226000000045300160226                     000000334871             
607001    00000001501105020001160226000000019100160226                     000000482823             
607001    00000001501105020001160226000000026100160226                     000000504384             
607001    00000001501105020001160226000000060000160226                     000000468702             
607001    00000001501105020001160226000000060700160226                     000000506732             
607001    00000001501105020001160226000000029900160226                     000000490207             
607001    00000001501105020001160226000000049500160226                     000000502198             
607001    00000001501105020001160226000000087900160226                     000000496992             
607001    00000001501105020001160226000000017300160226                     000000521271             
607001    00000001501105020001160226000000089200160226                     000000283391             
607001    00000001501105020001160226000000028500160226                     000000422825             
607001    00000001501105020001160226000000012600160226                     000000674656             
607001    00000001501105020001160226000000029236160226                     000000552561             
607001    00000001501105020001160226000000140200160226                     000000674469             
607001    00000001501105020001160226000000036200160226                     000000412882             
607001    00000001501105020001160226000000014300160226                     000000337131             
607001    00000001501105020001160226000000076600160226                     000000291034             
607001    00000001501105020001160226000000021600160226                     000000411818             
607001    00000001501105020001160226000000029100160226                     000000533503             
607001    00000001501105020001160226000000045300160226                     000000662132             
607001    00000001501105020001160226000000023100160226                     000000596578             
607001    00000001501105020001160226000000018500160226                     000000339365             
607001    00000001501105020001160226000000017700160226                     000000720894             
607001    00000001501105020001160226000000023700160226                     000000672317             
607001    00000001501105020001160226000000030000160226                     000000494558             
607001    00000001501105020001160226000000044300160226                     000000295157             
607001    00000001501105020001160226000000065500160226                     000000644682             
607001    00000001501105020001160226000000021200160226                     000000529094             
607001    00000001501105020001160226000000021200160226                     000000583378             
607001    00000001501105020001160226000000019100160226                     000000392173             
607001    00000001501105020001160226000000038700160226                     000000378665             
607001    00000001501105020001160226000000003800160226                     000000602472             
607001    00000001501105020001160226000000024400160226                     000000478622             
607001    00000001501105020001160226000000009700160226                     000000673231             
607001    00000001501105020001160226000000007000160226                     000000654182             
607001    00000001501105020001160226000000032200160226                     000000464721             
607001    00000001501105020001160226000000009800160226                     000000696989             
607001    00000001501105020001160226000000018500160226                     000000277441             
607001    00000001501105020001160226000000006500160226                     000000703401             
607001    00000001501105020001160226000000176700160226                     000000412942             
607001    00000001501105020001160226000000014100160226                     000000690879             
607001    00000001501105020001160226000000104600160226                     000030078627             
607001    00000001501105020001160226000000076700160226                     000000437471             
607001    00000001501105020001160226000000014400160226                     000000459558             
607001    00000001501105020001160226000000027500160226                     000000641109             
607001    00000001501105020001160226000000009600160226                     000000344308             
607001    00000001501105020001160226000000031800160226                     000000580943             
607001    00000001501105020001160226000000043600160226                     000000358193             
607001    00000001501105020001160226000000035100160226                     000000392870             
607001    00000001501105020001160226000000023400160226                     000000684832             
607001    00000001501105020001160226000000003800160226                     000030034583             
607001    00000001501105020001160226000000020800160226                     000000550140             
607001    00000001501105020001160226000000027500160226                     000000587967             
607001    00000001501105020001160226000000028200160226                     000000624633             
607001    00000001501105020001160226000000018200160226                     000000361387             
607001    00000001501105020001160226000000055000160226                     000000576196             
607001    00000001501105020001160226000000014000160226                     000000649387             
607001    00000001501105020001160226000000047200160226                     000000661809             
607001    00000001501105020001160226000000026000160226                     000000503474             
607001    00000001501105020001160226000000180200160226                     000000625230             
607001    00000001501105020001160226000000044300160226                     000000434172             
607001    00000001501105020001160226000000011200160226                     000000344696             
607001    00000001501105020001160226000000025700160226                     000000410376             
607001    00000001501105020001160226000000026600160226                     000000412473             
607001    00000001501105020001160226000000012100160226                     000000395606             
607001    00000001501105020001160226000000023200160226                     000000382402             
607001    00000001501105020001160226000000032000160226                     000000689464             
607001    00000001501105020001160226000000032800160226                     000000401016             
607001    00000001501105020001160226000000020400160226                     000000582039             
607001    00000001501105020001160226000000042800160226                     000000698027             
607001    00000001501105020001160226000000049000160226                     000000672386             
607001    00000001501105020001160226000000021600160226                     000000294561             
607001    00000001501105020001160226000000032200160226                     000000696988             
607001    00000001501105020001160226000000016000160226                     000000407782             
607001    00000001501105020001160226000000009100160226                     000000497293             
607001    00000001501105020001160226000000031400160226                     000000705350             
607001    00000001501105020001160226000000034200160226                     000030106503             
607001    00000001501105020001160226000000165100160226                     000000315163             
607001    00000001501105020001160226000000008200160226                     000000364800             
607001    00000001501105020001160226000000055700160226                     000000523207             
607001    00000001501105020001160226000000024800160226                     000000291607             
607001    00000001501105020001160226000000011500160226                     000030037887             
607001    00000001501105020001160226000000046200160226                     000000612296             
607001    00000001501105020001160226000000020800160226                     000000285599             
607001    00000001501105020001160226000000037800160226                     000000306925             
607001    00000001501105020001160226000000027100160226                     000000376794             
607001    00000001501105020001160226000000004000160226                     000000566409             
607001    00000001501105020001160226000000033200160226                     000000443707             
607001    00000001501105020001160226000000011800160226                     000000672081             
607001    00000001501105020001160226000000103600160226                     000000554883             
607001    00000001501105020001160226000000048800160226                     000000528121             
607001    00000001501105020001160226000000019700160226                     000000660642             
607001    00000001501105020001160226000000014000160226                     000000395795             
607001    00000001501105020001160226000000106200160226                     000030158989             
607001    00000001501105020001160226000000104200160226                     000000618462             
607001    00000001501105020001160226000000019000160226                     000000294855             
607001    00000001501105020001160226000000016600160226                     000000284410             
607001    00000001501105020001160226000000015000160226                     000000371502             
607001    00000001501105020001160226000000028200160226                     000000412324             
607001    00000001501105020001160226000000026800160226                     000000352882             
607001    00000001501105020001160226000000019200160226                     000000515144             
607001    00000001501105020001160226000000017900160226                     000000339388             
607001    00000001501105020001160226000000018000160226                     000000367713             
607001    00000001501105020001160226000000026100160226                     000030014881             
607001    00000001501105020001160226000000009500160226                     000000486604             
607001    00000001501105020001160226000000017900160226                     000000375799             
607001    00000001501105020001160226000000023000160226                     000000481745             
607001    00000001501105020001160226000000045800160226                     000000331392             
607001    00000001501105020001160226000000071400160226                     000000479508             
607001    00000001501105020001160226000000019200160226                     000000551617             
607001    00000001501105020001160226000000018700160226                     000030049727             
607001    00000001501105020001160226000000008500160226                     000000292956             
607001    00000001501105020001160226000000012000160226                     000000409407             
607001    00000001501105020001160226000000068100160226                     000000475412             
607001    00000001501105020001160226000000018500160226                     000000602867             
607001    00000001501105020001160226000000035200160226                     000000276921             
607001    00000001501105020001160226000000025200160226                     000000430648             
607001    00000001501105020001160226000000008400160226                     000000518201             
607001    00000001501105020001160226000000021900160226                     000000456971             
607001    00000001501105020001160226000000018500160226                     000000618078             
607001    00000001501105020001160226000000010600160226                     000000354430             
607001    00000001501105020001160226000000010900160226                     000000321036             
607001    00000001501105020001160226000000017300160226                     000000634524             
607001    00000001501105020001160226000000023800160226                     000000557573             
8070      00000001501 000176        000005967056                                                    
9070      00000001    000180        000005967056                                                    
