0170      00000001    0058          170226                                                          
0270      00000001501 0058          170226                                                          
607001    00000001501100580001160226000000040900160226                     01006105696000000040900             
607001    00000001501100580001160226000000016700160226                     01002999241000000016700             
607001    00000001501100580001160226000000032100160226                     01005693502000000032100             
607003    00000001501100580001160226000000031100160226                     01006884050000000031100             
607003    00000001501100580001160226000000005000160226                     01004865101000000005000             
607003    00000001501100580001160226000000032800160226                     01300262599000000032800             
607003    00000001501100580001160226000000009900160226                     01004582474000000009900             
607003    00000001501100580001160226000000013800160226                     01005125521000000013800             
607003    00000001501100580001160226000000025700160226                     01003327434000000025700             
607003    00000001501100580001160226000000068100160226                     01004161998000000068100             
607003    00000001501100580001160226000000008100160226                     01006754956000000008100             
607003    00000001501100580001160226000000023000160226                     01004239133000000023000             
607003    00000001501100580001160226000000038500160226                     01002852127000000038500             
607003    00000001501100580001160226000000033300160226                     01003588217000000033300             
607003    00000001501100580001160226000000011500160226                     01006331979000000011500             
607003    00000001501100580001160226000000059300160226                     01003967528000000059300             
607003    00000001501100580001140226000001009700140226                     01005419130000001009700             
607003    00000001501100580001140226000001817600140226                     01300707239000001817600             
607003    00000001501100580001160226000000038300160226                     01005321104000000038300             
607003    00000001501100580001160226000000013100160226                     01006759401000000013100             
607003    00000001501100580001160226000000146100160226                     01003055746000000146100             
607003    00000001501100580001160226000000075000160226                     01005324439000000075000             
607003    00000001501100580001160226000000080400160226                     01003455078000000080400             
8070      00000001501 000023        000003630000                                                    
9070      00000001    000027        000003630000                                                    
